Arquivo: analise.jpg
Total de elementos encontrados: 153

id;area_pixels
1;462
2;426
3;436
4;830
5;180
6;326
7;515
8;603
9;567
10;380
11;517
12;449
13;418
14;530
15;432
16;465
17;445
18;407
19;546
20;486
21;448
22;431
23;456
24;550
25;631
26;505
27;701
28;443
29;456
30;619
31;532
32;383
33;538
34;460
35;562
36;429
37;454
38;555
39;508
40;499
41;512
42;545
43;431
44;502
45;513
46;489
47;514
48;617
49;379
50;458
51;477
52;503
53;504
54;457
55;513
56;545
57;601
58;515
59;485
60;1749
61;494
62;450
63;396
64;255
65;453
66;427
67;547
68;456
69;231
70;392
71;448
72;459
73;369
74;487
75;514
76;534
77;454
78;430
79;413
80;468
81;536
82;458
83;650
84;334
85;577
86;448
87;557
88;500
89;462
90;308
91;414
92;345
93;410
94;539
95;499
96;536
97;457
98;316
99;487
100;402
101;422
102;567
103;507
104;566
105;531
106;491
107;421
108;469
109;464
110;451
111;460
112;627
113;568
114;455
115;431
116;364
117;557
118;419
119;380
120;430
121;383
122;567
123;435
124;535
125;420
126;409
127;423
128;601
129;457
130;438
131;262
132;214
133;368
134;217
135;532
136;487
137;505
138;518
139;518
140;556
141;473
142;429
143;455
144;528
145;494
146;497
147;435
148;606
149;646
150;428
151;345
152;403
153;339
